			Corr.	Lasso	Linear	MIC	RF	Ridge	Stab	Mean
*天门冬氨酸氨基转换酶	0.17	0.09	0.0	0.7	0.56	0.02	0.0	0.22
*丙氨酸氨基转换酶	0.27	0.1	0.0	0.8	0.53	0.03	0.0	0.25
*碱性磷酸酶		0.28	0.02	0.0	0.66	0.37	0.0	0.0	0.19
*r-谷氨酰基转换酶	0.23	0.01	0.0	0.96	0.43	0.0	0.0	0.23
*总蛋白			0.02	0.1	0.0	0.36	0.21	0.19	0.0	0.13
白蛋白			0.0	0.0	0.0	0.34	0.26	0.22	0.0	0.12
*球蛋白			0.01	0.0	0.01	0.31	0.19	0.28	0.0	0.11
白球比例		0.0	0.0	0.02	0.04	0.16	0.86	0.0	0.15
甘油三酯		0.66	1.0	0.01	0.68	0.71	0.37	0.0	0.49
总胆固醇		0.25	0.0	0.0	0.36	0.23	0.09	0.0	0.13
高密度脂蛋白胆固醇	0.08	0.0	0.0	0.2	0.2	0.04	0.0	0.07
低密度脂蛋白胆固醇	0.27	0.0	0.01	0.46	0.2	0.26	0.0	0.17
尿素			0.3	0.28	0.0	0.63	0.22	0.21	0.0	0.23
肌酐			0.17	0.01	0.0	0.71	0.23	0.01	0.0	0.16
尿酸			0.04	0.01	0.0	0.75	0.31	0.0	0.0	0.16
白细胞计数		0.13	0.31	0.0	0.2	0.44	0.17	0.0	0.18
红细胞计数		0.2	0.0	0.05	0.23	0.23	0.59	0.0	0.19
血红蛋白		0.34	0.06	0.0	0.41	0.19	0.02	0.0	0.15
红细胞压积		0.24	0.0	1.0	0.35	0.12	0.05	0.0	0.25
红细胞平均体积		0.0	0.2	0.0	0.0	0.36	0.38	0.0	0.13
红细胞平均血红蛋白量	0.09	0.0	0.02	0.08	0.19	1.0	0.0	0.2
红细胞平均血红蛋白浓度	0.26	0.08	0.0	0.26	0.31	0.06	0.0	0.14
红细胞体积分布宽度	0.07	0.0	0.01	0.02	0.34	0.31	0.0	0.11
血小板计数		0.08	0.01	0.0	0.06	0.26	0.0	0.0	0.06
血小板平均体积		0.0	0.0	0.0	0.15	0.17	0.03	0.0	0.05
血小板体积分布宽度	0.02	0.01	0.0	0.13	0.23	0.06	0.0	0.06
血小板比积		0.07	0.0	0.07	0.0	0.15	0.15	0.0	0.06
中性粒细胞%		0.01	0.0	0.03	0.04	0.17	0.25	0.0	0.07
淋巴细胞%		0.02	0.02	0.03	0.03	0.24	0.25	0.0	0.08
单核细胞%		0.0	0.0	0.03	0.02	0.26	0.25	0.0	0.08
嗜酸细胞%		0.0	0.0	0.03	0.01	0.2	0.26	0.0	0.07
嗜碱细胞%		0.0	0.0	0.03	0.01	0.16	0.19	0.0	0.06
gender_0		0.35	0.0	0.01	0.51	0.0	0.5	0.0	0.2
gender_1		0.35	0.0	0.01	0.51	0.01	0.5	0.0	0.2
age			1.0	0.25	0.0	1.0	1.0	0.07	0.0	0.47
corr: 白蛋白、白球比例、红细胞平均体积、血小板平均体积、单核细胞、嗜酸细胞、嗜碱细胞
Lasso: gender、单核细胞、嗜酸细胞、嗜碱细胞、中性粒细胞、血小板比积、血小板平均体积、红细胞体积分布宽度、红细胞平均血红蛋白量、红细胞压积、红细胞计数、
白球比例、
MIC: 红细胞平均体积、
RF:gender
Ridge:碱性磷酸酶、r-谷氨酰基转换酶、尿酸、血小板计数


单核细胞、嗜酸细胞、嗜碱细胞、白球比例、红细胞平均血红蛋白量| 